#Alpha_N	lambda_HQ_Alpha
1.231178395693403e-07	1.533067110634661
1.231178395693403e-07	1.555739506768747
7.825150562145368e-07	1.576459750716025
1.441912272859733e-06	1.595118875757699
2.431005545210188e-06	1.615893690814989
3.255250789708013e-06	1.626335493530594
4.326768075984781e-06	1.64300160333863
5.233442439643602e-06	1.649334877993508
6.881932928639253e-06	1.657851769991093
8.942543487266476e-06	1.660253408943831
1.149770833992095e-05	1.664797892895833
1.322862284284291e-05	1.667145137083436
1.504196135969119e-05	1.669505913832994
1.71025770235531e-05	1.671907553629382
1.932804071526763e-05	1.672275315988952
2.171835498745213e-05	1.680914795861552
2.37789680986967e-05	1.68125531633051
2.51801865459134e-05	1.681486870502497
2.649897842658645e-05	1.68376592242387
2.757049826548056e-05	1.686004112142063
2.921898875447621e-05	1.688337735595272
2.97959619571951e-05	1.692555319390885
2.674625302098274e-05	1.694112467749335
2.37789680986967e-05	1.695683236842179
2.81474689155821e-05	1.698466259310706
2.081168317641065e-05	1.697254005935023
2.262502424587627e-05	1.697553664200802
2.51801865459134e-05	1.69797590991977
1.899834465956237e-05	1.699015466996673
1.504196135969119e-05	1.700422785589497
1.702015300962678e-05	1.700749685745887
1.306377481499028e-05	1.702157093354799
1.100315915112838e-05	1.70387769136962
7.129204970418196e-06	1.705298631540487
9.024972606427471e-06	1.705611910962484
5.810410537127804e-06	1.707141817008497
3.832223992426895e-06	1.708876036601362
4.738893250851035e-06	1.709025865523338
3.090402761855384e-06	1.710814568053776
3.337674803634327e-06	1.72322223186302
3.749799978500581e-06	1.733595930906659
3.255250789708013e-06	1.739697650545899
2.431005545210188e-06	1.745744799075129
1.606760300712362e-06	1.755914273588005
1.194635125846109e-06	1.768212882506015
1.606760300712362e-06	1.7827089075333
1.93645635641762e-06	1.795130192076937
2.183733503431244e-06	1.809598975635436
2.183733503431244e-06	1.832271371769522
2.183733503431244e-06	1.854943767903608
2.183733503431244e-06	1.88173849002134
2.10130948950493e-06	1.904397265421033
2.10130948950493e-06	1.941497582066787
2.183733503431244e-06	1.968305924918913
2.183733503431244e-06	1.995100558864208
2.431005545210188e-06	2.028119499901933
2.678277586989131e-06	2.052893965317241
3.255250789708013e-06	2.083906183058148
4.161920048132152e-06	2.106728496286649
5.151018425717288e-06	2.121319867298338
6.304959725920372e-06	2.140060716746372
7.953450214916022e-06	2.148577608743956
9.1898206342801e-06	2.148781921447156
1.04261859484095e-05	2.153108471117915
1.199225242347883e-05	2.155428385664293
1.306377481499028e-05	2.161788901787958
1.454741727613331e-05	2.164095195599943
1.578378259026271e-05	2.168421745270702
1.693772899570047e-05	2.176857001034364
1.751470219841935e-05	2.181074584829976
1.619590776512896e-05	2.193223452998446
1.487711333183856e-05	2.20124999518327
1.372317203163548e-05	2.205181541869322
1.339347087069554e-05	2.213371621882954
1.405286808734074e-05	2.225847302035377
1.528923850670482e-05	2.234296178533433
1.685530498177415e-05	2.234554974174206
1.792682226805092e-05	2.236793163470574
1.941046472919395e-05	2.243221695093768
2.064683514855802e-05	2.24548721487501
2.196562702923107e-05	2.251888504607591
2.295472285419887e-05	2.252051954685787
2.410866670701929e-05	2.256364884043978
2.48504879375908e-05	2.264732035292023
2.559230916816232e-05	2.268976860556422
2.427351473487192e-05	2.270819957851995
2.320199489597781e-05	2.276826420101095
2.171835498745213e-05	2.280703483427748
2.031713654023542e-05	2.288716404878179
1.932804071526763e-05	2.292675192611193
1.825652342899086e-05	2.294559241126033
1.71025770235531e-05	2.30055190587404
1.64431798069079e-05	2.310748710028141
1.578378259026271e-05	2.329189813459783
1.504196135969119e-05	2.347617472501908
1.438256924828068e-05	2.368119695682805
1.397044407341442e-05	2.396907432190525
1.413529210126705e-05	2.425790514682649
1.430014523435436e-05	2.452612479112818
1.454741727613331e-05	2.481509182339335
1.504196135969119e-05	2.520752342297054
1.578378259026271e-05	2.539424999900683
1.685530498177415e-05	2.560213436536016
1.809167029590355e-05	2.574845580734797
1.982258990406019e-05	2.583376094310425
2.147108039305585e-05	2.591893162652885
2.295472285419887e-05	2.596260575370474
2.48504879375908e-05	2.59863497327625
2.666382645443908e-05	2.607179106742621
2.798262088772948e-05	2.611519277991424
2.930141276840253e-05	2.615859448818401
3.078505522954555e-05	2.624349275692074
3.202142564890963e-05	2.628675826206483
3.218627367676226e-05	2.639008662203292
3.103232982394183e-05	2.642940208467519
3.029050859337032e-05	2.653123215542351
3.045535662122295e-05	2.669639584600848
3.029050859337032e-05	2.684040175471292
2.996080998504773e-05	2.704597057512813
2.971353539065144e-05	2.723106265038247
2.954868736279881e-05	2.749873745687193
3.004323399897404e-05	2.770566835916298
3.094990581001552e-05	2.789266735410539
3.218627367676226e-05	2.80389905637602
3.334021752958268e-05	2.818517580262233
3.465900941025574e-05	2.829041107806023
3.606022785747244e-05	2.847822908473325
3.77087183464681e-05	2.862523157187723
3.902751277975849e-05	2.875107980403818
4.026388064650522e-05	2.889740125024424
4.141782449932565e-05	2.896114173288219
4.232449503405845e-05	2.906569773294006
4.347843888687888e-05	2.925310534991427
4.356086417711387e-05	2.939752164620839
4.298389225070365e-05	2.962329126808997
4.215964572989716e-05	2.974559808189002
4.199479642573586e-05	2.991021517754138
4.232449503405845e-05	3.009626247608852
4.306631626462997e-05	3.024176667401272
4.405541081328909e-05	3.038767949607785
4.512693065218321e-05	3.05337302910448
4.611602520084233e-05	3.063842073499785
4.702269573557513e-05	3.07841991131678
4.776451696614665e-05	3.086786974392388
4.784694098007296e-05	3.099167308560408
4.718754503973643e-05	3.11142505548615
4.644572380916493e-05	3.125730476717066
4.611602520084233e-05	3.140103825696898
4.661057311332623e-05	3.152552440514497
4.768209167591166e-05	3.163035105644195
4.858876221064447e-05	3.171429410399502
4.933058344121598e-05	3.181857592380714
4.97427060634649e-05	3.202537061875425
4.933058344121598e-05	3.212774552309655
4.858876221064447e-05	3.225018854634967
4.776451696614665e-05	3.233127122069801
4.710511974950145e-05	3.245384868784631
4.669299712725254e-05	3.26180589228055
4.652814782309124e-05	3.284450958562498
4.652814782309124e-05	3.300940086152209
4.677542241748752e-05	3.317469900022049
4.710511974950145e-05	3.342257986382663
4.759966766198535e-05	3.367073314633889
4.801179028423426e-05	3.398058378656622
4.825906360232188e-05	3.429016200999656
4.834148889255686e-05	3.457885486623423
4.825906360232188e-05	3.474360993267827
4.825906360232188e-05	3.50115571538556
4.784694098007296e-05	3.527882157064625
4.743481835782405e-05	3.560792131805379
4.743481835782405e-05	3.593770210639925
4.694027044534015e-05	3.624605445529768
4.644572380916493e-05	3.65337956172492
4.628087450500363e-05	3.680147042162953
4.628087450500363e-05	3.700758231218997
4.702269573557513e-05	3.715308827356294
4.768209167591166e-05	3.723662269486595
4.784694098007296e-05	3.74017846241113
4.759966766198535e-05	3.754565432336268
4.694027044534015e-05	3.779190245174475
4.619844921476864e-05	3.799678846777328
4.512693065218321e-05	3.818051846326092
4.438510942161169e-05	3.828234853400923
4.347843888687888e-05	3.838390971485807
4.290146696046867e-05	3.844478982429129
4.306631626462997e-05	3.863056294259268
4.339601487295257e-05	3.877538609957897
4.380813749520147e-05	3.894095665296524
4.438510942161169e-05	3.906558077193392
4.479723204386061e-05	3.925176251437623
4.496208134802191e-05	3.943753563267762
4.471480802993429e-05	3.956079414287296
4.438510942161169e-05	3.968391644361523
4.405541081328909e-05	3.986887583842316
4.364328819104018e-05	4.013614025521381
4.323116556879127e-05	4.032095991578029
4.314874027855628e-05	4.052693912378517
4.306631626462997e-05	4.071230361794564
4.306631626462997e-05	4.08359707522819
4.331358958271758e-05	4.102188007792722
4.356086417711387e-05	4.122840412163522
4.422026011745039e-05	4.137377211010637
4.479723204386061e-05	4.149839270217754
4.52917799563445e-05	4.164348827596083
4.562147728835843e-05	4.185014852490363
4.54566292605058e-05	4.203537681172016
4.512693065218321e-05	4.22821662467987
4.471480802993429e-05	4.263187894671104
4.438510942161169e-05	4.304355789423793
4.430268540768538e-05	4.335259304963216
4.430268540768538e-05	4.357931612924864
4.422026011745039e-05	4.378529181035603
4.372571348127517e-05	4.394936760142004
4.273661765630737e-05	4.413323380214248
4.207722171597084e-05	4.427642246045594
4.11705524575467e-05	4.446042487274057
3.993418203818262e-05	4.468510835222256
3.87802381853622e-05	4.488931332731318
3.795599294086438e-05	4.517650789222196
3.746144630468915e-05	4.552608438479036
3.696689966851392e-05	4.577260140518104
3.671962507411764e-05	4.595769348043538
